      27, 8, pa1-debug-a-output1.txt
        0, 0, 0
        0, 0, 0              
            202.63                  211.9075                  213.2875
          285.963333333333          295.240833333333          171.620833333333
          369.296666666667          378.574166666667          129.954166666667
          285.963333333333          170.240833333333          296.620833333333
          369.296666666667          253.574166666667          254.954166666667
                    452.63                  336.9075                  213.2875
          369.296666666667          128.574166666667          379.954166666667
                    452.63                  211.9075                  338.2875
          535.963333333333          295.240833333333          296.620833333333
          160.963333333333          295.240833333333          296.620833333333
          244.296666666667          378.574166666667          254.954166666667
                    327.63                  461.9075                  213.2875
          244.296666666667          253.574166666667          379.954166666667
                    327.63                  336.9075                  338.2875
          410.963333333333          420.240833333333          296.620833333333
                    327.63                  211.9075                  463.2875
          410.963333333333          295.240833333333          421.620833333333
          494.296666666667          378.574166666667          379.954166666667
          119.296666666667          378.574166666667          379.954166666667
                    202.63                  461.9075                  338.2875
          285.963333333333          545.240833333333          296.620833333333
                    202.63                  336.9075                  463.2875
          285.963333333333          420.240833333333          421.620833333333
          369.296666666667          503.574166666667          379.954166666667
          285.963333333333          295.240833333333          546.620833333333
          369.296666666667          378.574166666667          504.954166666667
                    452.63                  461.9075                  463.2875
                    205.38                 214.64625                   449.375
          288.713333333333          297.979583333333          407.708333333333
          372.046666666667          381.312916666667          366.041666666667
          288.713333333333          172.979583333333          532.708333333333
          372.046666666667          256.312916666667          491.041666666667
                    455.38                 339.64625                   449.375
          372.046666666667          131.312916666667          616.041666666667
                    455.38                 214.64625                   574.375
          538.713333333333          297.979583333333          532.708333333333
          163.713333333333          297.979583333333          532.708333333333
          247.046666666667          381.312916666667          491.041666666667
                    330.38                 464.64625                   449.375
          247.046666666667          256.312916666667          616.041666666667
                    330.38                 339.64625                   574.375
          413.713333333333          422.979583333333          532.708333333333
                    330.38                 214.64625                   699.375
          413.713333333333          297.979583333333          657.708333333333
          497.046666666667          381.312916666667          616.041666666667
          122.046666666667          381.312916666667          616.041666666667
                    205.38                 464.64625                   574.375
          288.713333333333          547.979583333333          532.708333333333
                    205.38                 339.64625                   699.375
          288.713333333333          422.979583333333          657.708333333333
          372.046666666667          506.312916666667          616.041666666667
          288.713333333333          297.979583333333          782.708333333333
          372.046666666667          381.312916666667          741.041666666667
                    455.38                 464.64625                   699.375
                   207.865                 449.92125                   211.575
          291.198333333333          533.254583333333          169.908333333333
          374.531666666667          616.587916666667          128.241666666667
          291.198333333333          408.254583333333          294.908333333333
          374.531666666667          491.587916666667          253.241666666667
                   457.865                 574.92125                   211.575
          374.531666666667          366.587916666667          378.241666666667
                   457.865                 449.92125                   336.575
          541.198333333333          533.254583333333          294.908333333333
          166.198333333334          533.254583333333          294.908333333333
          249.531666666667          616.587916666667          253.241666666667
                   332.865                 699.92125                   211.575
          249.531666666667          491.587916666667          378.241666666667
                   332.865                 574.92125                   336.575
          416.198333333333          658.254583333333          294.908333333333
                   332.865                 449.92125                   461.575
          416.198333333333          533.254583333333          419.908333333333
          499.531666666667          616.587916666667          378.241666666667
          124.531666666667          616.587916666667          378.241666666667
                   207.865                 699.92125                   336.575
          291.198333333334          783.254583333333          294.908333333333
                   207.865                 574.92125                   461.575
          291.198333333333          658.254583333333          419.908333333333
          374.531666666667          741.587916666667          378.241666666667
          291.198333333333          533.254583333333          544.908333333333
          374.531666666667          616.587916666667          503.241666666667
                   457.865                 699.92125                   461.575
                    214.81                  446.9975                   446.365
          298.143333333333          530.330833333333          404.698333333333
          381.476666666667          613.664166666666          363.031666666667
          298.143333333333          405.330833333333          529.698333333333
          381.476666666667          488.664166666666          488.031666666667
                    464.81                  571.9975                   446.365
          381.476666666667          363.664166666667          613.031666666667
                    464.81                  446.9975                   571.365
          548.143333333333          530.330833333333          529.698333333333
          173.143333333333          530.330833333333          529.698333333333
          256.476666666667          613.664166666666          488.031666666667
                    339.81                  696.9975                   446.365
          256.476666666667          488.664166666666          613.031666666667
                    339.81                  571.9975                   571.365
          423.143333333333          655.330833333333          529.698333333333
                    339.81                  446.9975                   696.365
          423.143333333333          530.330833333333          654.698333333333
          506.476666666667          613.664166666666          613.031666666667
          131.476666666667          613.664166666666          613.031666666667
                    214.81                  696.9975                   571.365
          298.143333333334          780.330833333333          529.698333333333
                    214.81                  571.9975                   696.365
          298.143333333333          655.330833333333          654.698333333333
          381.476666666667          738.664166666666          613.031666666667
          298.143333333333          530.330833333333          779.698333333333
          381.476666666667          613.664166666666          738.031666666667
                    464.81                  696.9975                   696.365
                    447.33                 212.64625                 212.74375
          530.663333333333          295.979583333333          171.077083333333
          613.996666666667          379.312916666667          129.410416666667
          530.663333333333          170.979583333333          296.077083333333
          613.996666666667          254.312916666667          254.410416666667
                    697.33                 337.64625                 212.74375
          613.996666666667          129.312916666667          379.410416666667
                    697.33                 212.64625                 337.74375
          780.663333333333          295.979583333333          296.077083333333
          405.663333333333          295.979583333333          296.077083333333
          488.996666666667          379.312916666667          254.410416666667
                    572.33                 462.64625                 212.74375
          488.996666666667          254.312916666667          379.410416666667
                    572.33                 337.64625                 337.74375
          655.663333333333          420.979583333333          296.077083333333
                    572.33                 212.64625                 462.74375
          655.663333333333          295.979583333333          421.077083333333
          738.996666666667          379.312916666667          379.410416666667
          363.996666666667          379.312916666667          379.410416666667
                    447.33                 462.64625                 337.74375
          530.663333333333          545.979583333333          296.077083333333
                    447.33                 337.64625                 462.74375
          530.663333333333          420.979583333333          421.077083333333
          613.996666666667          504.312916666667          379.410416666667
          530.663333333333          295.979583333333          546.077083333333
          613.996666666667          379.312916666667          504.410416666667
                    697.33                 462.64625                 462.74375
                   450.975                 206.14875                   456.315
                   450.975                 206.14875                   581.315
                   450.975                 206.14875                   706.315
                   450.975                 331.14875                   456.315
                   450.975                 331.14875                   581.315
                   450.975                 331.14875                   706.315
                   450.975                 456.14875                   456.315
                   450.975                 456.14875                   581.315
                   450.975                 456.14875                   706.315
                   575.975                 206.14875                   456.315
                   575.975                 206.14875                   581.315
                   575.975                 206.14875                   706.315
                   575.975                 331.14875                   456.315
                   575.975                 331.14875                   581.315
                   575.975                 331.14875                   706.315
                   575.975                 456.14875                   456.315
                   575.975                 456.14875                   581.315
                   575.975                 456.14875                   706.315
                   700.975                 206.14875                   456.315
                   700.975                 206.14875                   581.315
                   700.975                 206.14875                   706.315
                   700.975                 331.14875                   456.315
                   700.975                 331.14875                   581.315
                   700.975                 331.14875                   706.315
                   700.975                 456.14875                   456.315
                   700.975                 456.14875                   581.315
                   700.975                 456.14875                   706.315
                   449.455                    451.29                   211.755
          532.788333333333          534.623333333333          170.088333333333
          616.121666666667          617.956666666666          128.421666666667
          532.788333333333          409.623333333333          295.088333333333
          616.121666666667          492.956666666667          253.421666666667
                   699.455                    576.29                   211.755
          616.121666666667          367.956666666667          378.421666666667
                   699.455                    451.29                   336.755
          782.788333333333          534.623333333333          295.088333333333
          407.788333333333          534.623333333333          295.088333333333
          491.121666666667          617.956666666666          253.421666666667
                   574.455                    701.29                   211.755
          491.121666666667          492.956666666667          378.421666666667
                   574.455                    576.29                   336.755
          657.788333333333          659.623333333333          295.088333333333
                   574.455                    451.29                   461.755
          657.788333333333          534.623333333333          420.088333333333
          741.121666666667          617.956666666667          378.421666666667
          366.121666666667          617.956666666666          378.421666666667
                   449.455                    701.29                   336.755
          532.788333333333          784.623333333333          295.088333333333
                   449.455                    576.29                   461.755
          532.788333333333          659.623333333333          420.088333333333
          616.121666666667          742.956666666666          378.421666666667
          532.788333333333          534.623333333333          545.088333333333
          616.121666666667          617.956666666667          503.421666666667
                   699.455                    701.29                   461.755
                   450.925                  447.9375                    450.47
          534.258333333333          531.270833333333          408.803333333333
          617.591666666667          614.604166666667          367.136666666667
          534.258333333333          406.270833333333          533.803333333333
          617.591666666667          489.604166666667          492.136666666666
                   700.925                  572.9375                    450.47
          617.591666666667          364.604166666667          617.136666666667
                   700.925                  447.9375                    575.47
          784.258333333333          531.270833333333          533.803333333333
          409.258333333333          531.270833333333          533.803333333333
          492.591666666667          614.604166666667          492.136666666666
                   575.925                  697.9375                    450.47
          492.591666666667          489.604166666667          617.136666666667
                   575.925                  572.9375                    575.47
          659.258333333333          656.270833333333          533.803333333333
                   575.925                  447.9375                    700.47
          659.258333333333          531.270833333333          658.803333333333
          742.591666666667          614.604166666667          617.136666666667
          367.591666666667          614.604166666666          617.136666666667
                   450.925                  697.9375                    575.47
          534.258333333333          781.270833333333          533.803333333333
                   450.925                  572.9375                    700.47
          534.258333333333          656.270833333333          658.803333333333
          617.591666666667          739.604166666667          617.136666666667
          534.258333333333          531.270833333333          783.803333333333
          617.591666666667          614.604166666667          742.136666666667
                   700.925                  697.9375                    700.47